1 
2
3
5
6
7
8
7
1
2
3
3
4
6
7
8
8
9
10
11
20
21
5
5
10
20
40
41
21
31
67
64
36
78
31
24
89
90
23
41
65
67
36
96
36
74
56
43
12
78
80
90
26
78
69
900
29
43
100
120
58
97
200
34
178
99
120
31
47
80
200
21
39
87
64
92
20
99
120
300
28
57
201
399
100
400
800
21
134
765
287
300
26
74
987
234
47
501 
2
3
5
6
7
8
7
1
2
3
3
4
6
7
8
8
9
10
11
20
21
5
5
10
20
40
41
21
31
67
64
36
78
31
24
89
90
23
41
65
67
36
96
36
74
56
43
12
78
80
90
26
78
69
900
29
43
100
120
58
97
200
34
178
99
120
31
47
80
200
21
39
87
64
92
20
99
120
300
28
57
201
399
100
400
800
21
134
765
287
300
26
74
987
234
47
50
1 
2
3
5
61 
2
3
5
6
7
8
7
1
2
3
3
4
6
7
8
8
9
10
11
20
21
5
5
10
20
40
41
21
31
67
64
36
78
31
24
89
90
23
41
65
67
36
96
36
74
56
43
12
78
80
90
26
78
69
900
29
43
100
120
58
97
200
34
178
99
120
31
47
80
200
21
39
87
64
92
20
99
120
300
28
57
201
399
100
400
800
21
134
765
287
300
26
74
987
234
47
501 
2
3
5